A total of 8 outliers was found by simply scatter plotting each feature against the class.

sample 5000

3	0.53766714	1.833885	-2.25885	0.862173	0.318765	-1.30769	-0.43359	0.342624


sample 3500

2	0.22279303	1.952729	0.863316	0.088028	0.232932	0.041351	0.42199	3.332278

sample 6521

1	81.50074	635.7772	-576.507	1674.582	563.4581	853.2429	975.8564	-608.325


sample 38129
3	407.6243200000	422.8294	904.2345	386.0646	568.9284	570.6616	1077.367	414.1173


sample 1000

3	1	1	1		1	1	1	1

sample 28954

2	801.378	639.2842	1364.209	-126.288	746.0555	252.9812	672.2287	161.4285


sample 15000

1,2,3,4,5,6,7,8


sample 25000

8,7,6,5,4,3,2,1








